Enter circle center (xc yc) and radius r:
0 0 5

Generated 40 circle points (x, y):
(0, 5)
(0, 5)
(0, -5)
(0, -5)
(5, 0)
(-5, 0)
(5, 0)
(-5, 0)
(1, 5)
(-1, 5)
(1, -5)
(-1, -5)
(5, 1)
(-5, 1)
(5, -1)
(-5, -1)
(2, 5)
(-2, 5)
(2, -5)
(-2, -5)
(5, 2)
(-5, 2)
(5, -2)
(-5, -2)
(3, 4)
(-3, 4)
(3, -4)
(-3, -4)
(4, 3)
(-4, 3)
(4, -3)
(-4, -3)
(4, 3)
(-4, 3)
(4, -3)
(-4, -3)
(3, 4)
(-3, 4)
(3, -4)
(-3, -4)

ASCII preview (bounding box 11 x 11):

...#####...
..#.....#..
.#.......#.
#.........#
#.........#
#.........#
#.........#
#.........#
.#.......#.
..#.....#..
...#####...